
92.8854139478045,45.8848828179931,48.8897743920167,98.7982003161633,9.87122786555743
73.0330862855453,96.3088539286913,62.4060088173689,3.77388662395521,26.1871183870716
48.8608973803579,54.6805718738968,67.9135540865748,88.5168008202475,33.5356839962797
57.8525061023439,52.1135830804001,39.5515215668593,91.3286827639239,67.9727951377338
23.7283579771521,23.1594386708524,36.7436648544477,79.6183873585212,13.655313735537
-
7.2122749858174
1.06761861607241
6.5375734866856
4.9417393663927
7.79051723231275
-
-0.0963282741740691
0.187682861558439
-0.119383340871919
0.147217998306062
-0.117542437820041
-
71.5037078400694,19.7809826685929,90.4722238067363,57.6721515614685,48.9901388512224
90.3720560556316,3.05409463046367,60.9866648422558,18.2922469414914,16.7927145682257
89.0922504330789,74.4074260367462,61.7666389588455,23.9932010568717,97.8680649641159
33.4163052737496,50.0022435590201,85.9442305646212,88.6511933076101,71.2694471678914
69.8745832334794,47.992214114606,80.5489424529686,2.86741524641061,50.0471624154843
-
4.71088374541939
0.596188675796392
6.81971904149063
0.424311375007417
0.714454646006424
-
-0.0520266596185582
-0.393749682067488
0.0252526931016373
-0.124478380999263
0.430984841023679
-
4569.61087943525,8723.28170120803,6852.70449106577,8534.68320020616,7684.34936628288
8723.28170120803,24150.7681798314,13558.6709275427,16987.5675536051,17791.5447067509
6852.70449106577,13558.6709275427,16146.4090559783,16295.3519347021,11053.4293945478
8534.68320020616,16987.5675536051,16295.3519347021,22834.7151390175,16360.2258320219
7684.34936628288,17791.5447067509,11053.4293945478,16360.2258320219,19778.9126969395
-
1.71121066356432
0.32600820530528
5.6119979270966
8.8186650045181
6.69175304534394
-
-0.000896716013581011
-0.000793851938999643
0.000363288841483148
0.000477482054065866
0.00080282384012619
-
13727.0821234008,8285.41509667911,6900.80790395719,9849.80073179787,12848.6806634458
8285.41509667911,15090.7383895436,9198.61120168043,10018.2317012894,19294.1524410769
6900.80790395719,9198.61120168043,7935.04240397629,7242.10452466597,12488.0027105257
9849.80073179787,10018.2317012894,7242.10452466597,9388.10345960259,13072.8055114912
12848.6806634458,19294.1524410769,12488.0027105257,13072.8055114912,26378.7526487664
-
1.07769015243743
9.06308150649733
8.79653724481905
8.17760559370642
2.60727999055465
-
0.187738860545531
0.358496691879739
0.0756815096317544
-0.305968132436806
-0.237756815225241
-
